Ansegar Baggins 9079965
Togo Tunnelly 7637441
Merimas Underlake 2225207
Wandregisilus Gaukrogers 1389136
Ranugad Sackville-Baggins 5891473
Artaud Heathertoes 222695
Magneric Hopesinger 696728
Cottar Brownlock 5668049
Ferdinand Goodbody 4785578
Faramir Silverstring 9002851
Wilcome Sandyman 6493354
Cedivar Featherbottom 4041871
Amand Took-Took 5303051
Sigismond Gammidge 3405264
Merobaudes Brandywood 6922156
Leutfrid Noakes 6435800
Corbinian Gamgee 6517270
Gorbaduc Whitfoot 8200619
Chilperic Hayward 1880701
Mauger Chubb-Baggins 7035711
Bilcuzal Proudbottom 8925864
Chilperic Lothran 1614628
Baugulf Proudbottom 7846241
Cloud Whitfoot 3434305
Merovech Puddifoot 7055591
Hildeprand Rumblebelly 1051963
Chilperic Smallburrow 4242659
Samwise Bolger-Baggins 2050488
Waleran Burrowes 7395822
Marmadas Riverhopper 3243849
Spiderby 5314868
Starfist 3832664
Devillain 40101
Unbanshee 1952186
PhonyYeti 5149540
ChargeOrange 7754550
BlindCyborg 1918212
BonyDino 7514358
ColorTurtle 7358354
BraveToffee 9567658
Lazyhazy 4751832
Vertighost 1530500
Dismister 4043968
Otterror 5729074
QuickDessert 2351532
PeacefulPug 8855682
BloodLarva 9135268
DiscreteKraken 3910663
FamilyPhantasm 2162329
BreakfastPear 2180897
Pigloo 9228999
Vulturret 3326865
Baconjurer 470027
Slotherworld 3965603
CovertRock 3610965
JollyHawk 4112507
DesignWitch 6965947
TravelPlum 8870976
ExoticBruiser 3684129
MysteryCharger 160099
9751642
6859556
6394446
2373243
8853360
7196849
4754806
4677566
5903477
1430336
7054060
7016093
3771740
4035154
445776
6080020
8426712
7575914
9093481
76940
3529371
7472594
1674866
9870278
7269956
5105749
5847695
8356047
2565477
3131689
3235408
8583566
8406297
4740614
520919
2685417
4898500
660025
626551
6031120
9752030
4119173
2109213
1073573
6492884
9692864
1776820
4509753
4503598
4795753
7147608
6234341
793595
7583366
4414087
9743352
6301874
534674
4122174
8447987
3912250
3888948
5751585
4195977
4463905
8302465
2736939
43223
256233
9132454
3794388
6085887
5467481
4414443
2485570
8411518
9950918
9241621
2015048
6937413
6023904
7712806
613742
6884417
8348859
7758399
645063
518322
741435
1141309
3337380
2598408
957171
6619094
3037159
885416
7216949
2168718
4090573
8542903
4162387
8629603
8383288
6907497
3843917
9697004
7312350
7019939
7112818
8177082
2029830
7677337
6554699
2531626
1240651
4317721
9322986
7863284
2891335
9458101
4030172
2215207
9472536
829753
736532
1811270
578262
4816407
665595
8600791
7125590
4618371
2534648
9028065
2925371
1861579
8100988
23328
7780143
5567727
3271873
8868763
8163820
9470541
6432474
6678186
8748834
5373021
4317350
1085865
146169
6125067
6096461
8964663
3824316
3273252
9001899
2027072
3674939
5538588
9875803
9437053
5168298
5536057
6325207
8339491
749063
1108704
6465804
8410335
6673846
1219386
7908793
7248988
2357364
7307369
4862832
2484468
2328974
405658
4236438
1644612
3099254
7379112
8060807
3745487
1654215
728489
1388092
319960
6581845
969687
382688
391113
4266998
835362
795770
9955324
9589219
6468018
4425771
4024870
2125766
4912961
4316860
8115810
6257089
6454751
991444
7843267
6897646
7271882
620657
7238169
6509531
9274475
7796689
9827785
415513
8779150
1971015
3775140
3600325
9630654
5071204
9942120
2161139
5198216
2912734
4761093
7432706
9166577
7996749
1064744
2502813
4149576
6598462
5331436
7384729
2339805
9073200
3599686
2230928
1206278
2479235
3018556
2651764
9007946
2241130
3632659
8254304
3649645
7950580
6036061
1365841
1226389
151266
8457099
3058682
3409300
6603139
9558987
2849330
9322640
7185766
3608577
4735209
9123329
6211926
9206016
8284814
2739803
55237
4493199
5464784
7492431
2683653
6357866
8582069
2306734
297490
2825568
5785527
5920152
2266328
1122994
3740152
5457931
1746101
9892921
5388507
1527181
2454074
8426890
7600183
917919
4022308
3860365
2060280
8894414
1635919
1887263
4617692
3728793
4393485
6368610
5178618
9900143
2353970
5947304
4437798
6245940
6095654
6424497
6158981
9978129
1530931
8681300
8426841
714759
5879773
1438020
4647490
6636077
6599514
1509302
3726516
2495418
3809315
497305
8494854
1028346
772661
4939755
231665
3041950
3675142
379229
8176790
104991
2223757
6757832
7631924
1903824
2555424
6030905
7637166
2246195
2818127
7261388
5164882
4317346
3978174
7660675
6342972
3274294
7705104
2621691
1589394
6704795
5217012
4562213
2471092
218012
9316411
4318942
8796591
7169360
2521006
3579837
8211196
9571127
9248802
163674
1994996
9563077
2201825
3077914
3355966
4201175
6393558
9208015
2026019
3652377
7986849
1595708
7905977
3923628
4949411
2908400
2008619
1290310
4120895
4497039
1791647
5549377
9015634
7077979
203567
298317
7624790
5490791
9746304
2453316
1735366
8482618
1457313
7607225
2842326
4090916
6220481
8876662
3792433
6372862
7746187
5727645
5998079
1379091
1456678
1522763
7529675
5067301
4322629
7846850
2712933
2192796
2027173
927139
2466301
2678649
980962
2263603
4366615
966855
4424426
8522684
2886620
6173676
8701142
6021105
1924224
3840262
1827303
2251799
7081055
6881379
163455
9703820
1991297
3924284
2540122
2566185
524921
9252940
3897147
9220606
677056
2991278
3026296
81052
8614823
6772703
4088100
2729576
5949236
392028
3812705
2618751
9574258
7549572
5226239
3914584
769661
1111423
2972179
1699051
2687360
5199144
8752623
9317787
7963237
2657921
2639952
3982318
3429941
9527988
8713337
8471281
4414169
7041943
8672981
7800678
484371
3838004
277493
4914540
750049
6091286
8673866
9976487
266305
311188
3031003
5000150
8552222
2531715
8479700
7908689
1231650
6981218
8647286
7952715
4212771
9872787
548699
5995488
2960899
2681841
7125776
7565727
2246062
4448139
8261291
3511736
9157279
683487
4779548
1096857
6980320
4961894
5486966
3682287
6410901
9610772
6076360
2213513
7070822
9082728
8367573
4997742
7513098
123411
93800
2623178
4935116
1329441
1917160
819981
2176658
4214540
5022768
8801585
702709
4371317
1023179
4810192
6930987
1174500
8173504
5518177
6821611
4594851
7932632
4546182
4967445
3405432
8777879
3481015
5829543
6119300
3445154
7389304
5987119
8045882
3981154
9559709
6066332
366863
332828
3690619
3450095
2211256
3452613
4187438
317257
290401
4954538
440790
3104059
2808307
9096856
3232397
7908271
3697786
4350526
3969914
9898907
2339200
4515447
3880151
3849452
7087093
9184292
5285747
1684602
6480545
4881126
3013100
8752361
4130701
7914947
4117296
1511427
9915178
1233743
746455
921010
4370107
5944355
4758734
1655686
4598845
4346544
7855894
4205012
3744760
2352298
8078189
948995
2829906
322871
9104609
6134474
2985496
1226232
6353263
4692129
8560035
8640720
9181146
619479
2328083
242622
2001037
9950239
6559011
4723364
2202285
6196152
4672430
4264166
6931224
8320141
2376667
9172004
621610
9917409
6910932
7817941
2582540
3791081
826557
8687811
3372792
2306922
148076
6710495
5872714
2058635
9002515
8079376
1173415
2578412
2683551
5217708
3943417
890630
8557328
1042247
1253419
1534969
456845
8232950
9044738
7505966
9526411
1961629
6013935
5216518
3423132
2837053
2045935
9222811
1408715
66852
5401594
3213480
404494
5753192
8271477
4948661
1827657
6473905
6263019
5010626
7405714
1034561
555439
6695225
1137898
114740
7904539
4446196
2533681
1750837
6702385
5035974
9848248
7201213
9025945
8188752
6788973
9010724
7722259
4972574
722464
8620232
6076752
1996511
8585876
3451620
5941742
9844534
4796734
1113817
9493520
7594228
8755956
3838862
969357
4102266
1818635
398074
8987374
8933308
5225455
5775281
2172884
7880325
8141070
8562357
9248324
8267687
8242399
1254640
4225546
8326971
4776840
5925363
3533763
9567587
9408987
4586022
3959806
890739
3847244
6633539
5733306
1440317
6909945
5616710
8896083
5138298
4712280
8681601
5758439
9578288
1000209
2240791
2104312
5389453
7904077
3579725
456795
4395988
8085708
3856202
1412504
7616320
4075975
7537180
4233080
1126191
6177089
6273492
6909945
4605588
1327340
5518509
3856538
2787427
3653877
5536562
4184791
2990257
1249465
2310733
2987114
8101634
9724467
8194010
6885075
450506
111337
3033393
8546918
3349245
6090034
4673966
8853245
4588874
7798870
4930736
6682260
3493535
8446060
3987845
9211961
6562240
7269383
1785572
403939
1791854
6921688
4095134
8310244
5682192
5399412
3507510
2017575
1915013
6360729
9095037
8256410
2937292
8296460
8547266
6125099
2654919
4696189
4195442
1411615
1579141
1428836
3738765
6421316
2789094
5327585
1748112
3883885
6207290
7936009
9229866
1967804
1978750
1477895
1899222
4707942
9196062
9104620
8106093
2773290
5620798
179793
5507762
1221851
6273885
1958687
464687
1985962
45546
4096023
6668605
4705694
7338159
5705454
1368606
3131420
1061055
3421920
7097674
863811
7232800
6389024
1484240
5080696
4395427
8241603
5613230
4773590
9286160
8205444
3117967
6823328
2303532
3384098
8207599
9532763
249173
2943365
7454165
4793210
1874406
4264404
3114273
6988582
3448649
3012716
2341642
4149474
2944696
1201133
9302358
3418976
1755900
9925184
7884835
2427518
8673210
5455120
2595855
5497493
1535826
7753553
6140362
5956292
2193274
7149448
2870384
5432602